0 1.277471
0 2.686140
1 2.686140
1 3.999982
2 3.999982
2 5.265562
3 5.265562
3 6.499996
4 6.499996
4 7.712211
5 7.712211
5 8.907517
6 8.907517
6 10.089391
7 10.089391
7 11.260240
8 11.260240
8 12.421810
9 12.421810
9 13.575411
10 13.575411
10 14.722055
11 14.722055
11 15.862543
12 15.862543
12 16.997518
13 16.997518
13 18.127510
14 18.127510
14 19.252959
15 19.252959
15 20.374236
16 20.374236
16 21.491659
17 21.491659
17 22.605501
18 22.605501
18 23.716000
19 23.716000
19 24.823367
20 24.823367
20 25.927787
21 25.927787
21 27.029426
22 27.029426
22 28.128433
23 28.128433
23 29.224943
24 29.224943
24 30.319077
25 30.319077
25 31.410947
26 31.410947
26 32.500657
27 32.500657
27 33.588299
28 33.588299
28 34.673961
29 34.673961
29 35.757723
30 35.757723
30 36.839662
31 36.839662
31 37.919847
32 37.919847
32 38.998343
33 38.998343
33 40.075213
34 40.075213
34 41.150514
35 41.150514
35 42.224301
36 42.224301
36 43.296624
37 43.296624
37 44.367534
38 44.367534
38 45.437075
39 45.437075
39 46.505292
40 46.505292
40 47.572227
41 47.572227
41 48.637918
42 48.637918
42 49.702403
43 49.702403
43 50.765719
44 50.765719
44 51.827899
45 51.827899
45 52.888977
46 52.888977
46 53.948983
47 53.948983
47 55.007948
48 55.007948
48 56.065900
49 56.065900
49 57.122868
50 57.122868
50 58.178877
51 58.178877
51 59.233953
52 59.233953
52 60.288121
53 60.288121
53 61.341404
54 61.341404
54 62.393824
55 62.393824
55 63.445404
56 63.445404
56 64.496165
57 64.496165
57 65.546126
58 65.546126
58 66.595308
59 66.595308
59 67.643729
60 67.643729
60 68.691407
61 68.691407
61 69.738361
62 69.738361
62 70.784607
63 70.784607
63 71.830161
64 71.830161
64 72.875040
65 72.875040
65 73.919259
66 73.919259
66 74.962832
67 74.962832
67 76.005775
68 76.005775
68 77.048102
69 77.048102
69 78.089825
70 78.089825
70 79.130958
71 79.130958
71 80.171514
72 80.171514
72 81.211506
73 81.211506
73 82.250944
74 82.250944
74 83.289841
75 83.289841
75 84.328209
76 84.328209
76 85.366057
77 85.366057
77 86.403398
78 86.403398
78 87.440241
79 87.440241
79 88.476596
80 88.476596
80 89.512473
81 89.512473
81 90.547882
82 90.547882
82 91.582832
83 91.582832
83 92.617331
84 92.617331
84 93.651390
85 93.651390
85 94.685016
86 94.685016
86 95.718218
87 95.718218
87 96.751003
88 96.751003
88 97.783380
89 97.783380
89 98.815356
90 98.815356
90 99.846940
91 99.846940
91 100.878137
92 100.878137
92 101.908956
93 101.908956
93 102.939403
94 102.939403
94 103.969485
95 103.969485
95 104.999209
96 104.999209
96 106.028580
97 106.028580
97 107.057607
98 107.057607
98 108.086293
99 108.086293
99 90.413707
