0.000000 1.000000
0.100000 0.997512
0.200000 0.995292
0.300000 0.993334
0.400000 0.991632
0.500000 0.990176
0.600000 0.988955
0.700000 0.987955
0.800000 0.987160
0.900000 0.986553
1.000000 0.986114
1.100000 0.985823
1.200000 0.985658
1.300000 0.985596
1.400000 0.985612
1.500000 0.985682
1.600000 0.985781
1.700000 0.985885
1.800000 0.985968
1.900000 0.986005
2.000000 0.985974
2.100000 0.985850
2.200000 0.985612
2.300000 0.985239
2.400000 0.984712
2.500000 0.984014
2.600000 0.983129
2.700000 0.982043
2.800000 0.980746
2.900000 0.979227
3.000000 0.977481
3.100000 0.975503
3.200000 0.973291
3.300000 0.970846
3.400000 0.968170
3.500000 0.965270
3.600000 0.962152
3.700000 0.958828
3.800000 0.955309
3.900000 0.951610
4.000000 0.947747
4.100000 0.943739
4.200000 0.939604
4.300000 0.935363
4.400000 0.931040
4.500000 0.926657
4.600000 0.922237
4.700000 0.917806
4.800000 0.913387
4.900000 0.909006
5.000000 0.904686
5.100000 0.900451
5.200000 0.896325
5.300000 0.892330
5.400000 0.888486
5.500000 0.884813
5.600000 0.881330
5.700000 0.878053
5.800000 0.874995
5.900000 0.872170
6.000000 0.869587
6.100000 0.867254
6.200000 0.865177
6.300000 0.863358
6.400000 0.861799
6.500000 0.860497
6.600000 0.859448
6.700000 0.858645
6.800000 0.858079
6.900000 0.857738
7.000000 0.857609
7.100000 0.857677
7.200000 0.857924
7.300000 0.858330
7.400000 0.858875
7.500000 0.859538
7.600000 0.860294
7.700000 0.861121
7.800000 0.861993
7.900000 0.862886
8.000000 0.863774
8.100000 0.864633
8.200000 0.865439
8.300000 0.866167
8.400000 0.866795
8.500000 0.867300
8.600000 0.867663
8.700000 0.867863
8.800000 0.867884
8.900000 0.867710
9.000000 0.867327
9.100000 0.866725
9.200000 0.865895
9.300000 0.864829
9.400000 0.863524
9.500000 0.861977
9.600000 0.860190
9.700000 0.858165
9.800000 0.855909
9.900000 0.853429
